Sum: 2.065054543970847
AP-common: 0.21582133730947314
AP-agnostic: 0.6109300231443138
AR-agnostic: 0.6485754225441607
AR-agnostic-corner: 0.5897277609728995
