Sum: 1.1955454299777168
AP-common: 0.1895133130927883
AP-agnostic: 0.350873435893723
AR-agnostic: 0.41677976871267
AR-agnostic-corner: 0.23837891227853567
